ID	Description	GeneRatio	BgRatio	pvalue	p.adjust	qvalue	geneID	Count
GO:0042476	odontogenesis	7/119	132/18670	2.18506659986312e-05	0.0253895720516631	0.0229597204389916	MMP20/AQP5/SCN10A/FGF8/DSPP/SOSTDC1/TNFRSF11B	7
GO:0042475	odontogenesis of dentin-containing tooth	6/119	90/18670	2.37730075390104e-05	0.0253895720516631	0.0229597204389916	MMP20/SCN10A/FGF8/DSPP/SOSTDC1/TNFRSF11B	6
